0.031 0.031 1 0
0.063 0.063 1 0
0.094 0.094 1 0
0.126 0.126 1 0
0.157 0.156 1 0
0.188 0.187 1 0
0.22 0.218 1 0
0.251 0.248 1 0
0.283 0.279 1 0
0.314 0.309 1 0
0.346 0.339 1 0
0.377 0.368 1 0
0.408 0.397 1 0
0.44 0.426 1 0
0.471 0.454 1 0
0.503 0.482 1 0
0.534 0.509 1 0
0.565 0.535 1 0
0.597 0.562 1 0
0.628 0.588 1 0
0.66 0.613 1 0
0.691 0.637 1 0
0.723 0.662 1 0
0.754 0.685 1 0
0.785 0.707 1 0
0.817 0.729 1 0
0.848 0.75 1 0
0.88 0.771 1 0
0.911 0.79 1 0
0.942 0.809 1 0
0.974 0.827 1 0
1.005 0.844 1 0
1.037 0.861 1 0
1.068 0.876 1 0
1.1 0.891 1 0
1.131 0.905 1 0
1.162 0.918 1 0
1.194 0.93 1 0
1.225 0.941 1 0
1.257 0.951 1 0
1.288 0.96 1 0
1.319 0.968 1 0
1.351 0.976 1 0
1.382 0.982 1 0
1.414 0.988 1 0
1.445 0.992 1 0
1.477 0.996 1 0
1.508 0.998 1 0
1.539 0.999 1 0
1.571 1.0 1 0
1.602 1.0 1 0
1.634 0.998 1 0
1.665 0.996 1 0
1.696 0.992 1 0
1.728 0.988 1 0
1.759 0.982 1 0
1.791 0.976 1 0
1.822 0.969 1 0
1.854 0.96 1 0
1.885 0.951 1 0
1.916 0.941 1 0
1.948 0.93 1 0
1.979 0.918 1 0
2.011 0.905 1 0
2.042 0.891 1 0
2.073 0.877 1 0
2.105 0.861 1 0
2.136 0.844 1 0
2.168 0.827 1 0
2.199 0.809 1 0
2.231 0.79 1 0
2.262 0.77 1 0
2.293 0.75 1 0
2.325 0.729 1 0
2.356 0.707 1 0
2.388 0.684 1 0
2.419 0.661 1 0
2.45 0.638 1 0
2.482 0.613 1 0
2.513 0.588 1 0
2.545 0.562 1 0
2.576 0.536 1 0
2.608 0.509 1 0
2.639 0.482 1 0
2.67 0.454 1 0
2.702 0.426 1 0
2.733 0.397 1 0
2.765 0.368 1 0
2.796 0.339 1 0
2.827 0.309 1 0
2.859 0.279 1 0
2.89 0.249 1 0
2.922 0.218 1 0
2.953 0.187 1 0
2.985 0.156 1 0
3.016 0.125 1 0
3.047 0.094 1 0
3.079 0.063 1 0
3.11 0.032 1 0
3.142 -0.0 1 0
1.531 0.04 2 0
1.563 0.008 2 0
1.594 -0.023 2 0
1.626 -0.055 2 0
1.657 -0.086 2 0
1.688 -0.117 2 0
1.72 -0.149 2 0
1.751 -0.179 2 0
1.783 -0.211 2 0
1.814 -0.241 2 0
1.846 -0.272 2 0
1.877 -0.301 2 0
1.908 -0.331 2 0
1.94 -0.361 2 0
1.971 -0.39 2 0
2.003 -0.419 2 0
2.034 -0.447 2 0
2.065 -0.474 2 0
2.097 -0.502 2 0
2.128 -0.529 2 0
2.16 -0.556 2 0
2.191 -0.581 2 0
2.223 -0.607 2 0
2.254 -0.631 2 0
2.285 -0.655 2 0
2.317 -0.679 2 0
2.348 -0.701 2 0
2.38 -0.724 2 0
2.411 -0.745 2 0
2.442 -0.765 2 0
2.474 -0.785 2 0
2.505 -0.804 2 0
2.537 -0.823 2 0
2.568 -0.84 2 0
2.6 -0.857 2 0
2.631 -0.872 2 0
2.662 -0.887 2 0
2.694 -0.901 2 0
2.725 -0.914 2 0
2.757 -0.927 2 0
2.788 -0.938 2 0
2.819 -0.948 2 0
2.851 -0.958 2 0
2.882 -0.966 2 0
2.914 -0.974 2 0
2.945 -0.981 2 0
2.977 -0.986 2 0
3.008 -0.991 2 0
3.039 -0.995 2 0
3.071 -0.998 2 0
3.102 -0.999 2 0
3.134 -1.0 2 0
3.165 -1.0 2 0
3.196 -0.999 2 0
3.228 -0.996 2 0
3.259 -0.993 2 0
3.291 -0.989 2 0
3.322 -0.984 2 0
3.354 -0.978 2 0
3.385 -0.971 2 0
3.416 -0.963 2 0
3.448 -0.953 2 0
3.479 -0.944 2 0
3.511 -0.933 2 0
3.542 -0.921 2 0
3.573 -0.908 2 0
3.605 -0.895 2 0
3.636 -0.88 2 0
3.668 -0.865 2 0
3.699 -0.849 2 0
3.731 -0.831 2 0
3.762 -0.814 2 0
3.793 -0.795 2 0
3.825 -0.775 2 0
3.856 -0.755 2 0
3.888 -0.734 2 0
3.919 -0.713 2 0
3.95 -0.691 2 0
3.982 -0.667 2 0
4.013 -0.644 2 0
4.045 -0.619 2 0
4.076 -0.594 2 0
4.108 -0.568 2 0
4.139 -0.542 2 0
4.17 -0.516 2 0
4.202 -0.489 2 0
4.233 -0.461 2 0
4.265 -0.433 2 0
4.296 -0.404 2 0
4.327 -0.376 2 0
4.359 -0.346 2 0
4.39 -0.317 2 0
4.422 -0.286 2 0
4.453 -0.256 2 0
4.485 -0.225 2 0
4.516 -0.195 2 0
4.547 -0.165 2 0
4.579 -0.133 2 0
4.61 -0.102 2 0
4.642 -0.07 2 0
