2.819 -0.948 1 0
2.851 -0.958 1 0
2.882 -0.966 1 0
2.914 -0.974 1 0
2.945 -0.981 1 0
2.977 -0.986 1 0
3.008 -0.991 1 0
3.039 -0.995 1 0
3.071 -0.998 1 0
3.102 -0.999 1 0
3.134 -1.0 1 0
3.165 -1.0 1 0
3.196 -0.999 1 0
3.228 -0.996 1 0
3.259 -0.993 1 0
3.291 -0.989 1 0
3.322 -0.984 1 0
3.354 -0.978 1 0
3.385 -0.971 1 0
3.416 -0.963 1 0
3.448 -0.953 1 0
3.479 -0.944 1 0
3.511 -0.933 1 0
3.542 -0.921 1 0
3.573 -0.908 1 0
3.605 -0.895 1 0
3.636 -0.88 1 0
3.668 -0.865 1 0
3.699 -0.849 1 0
3.731 -0.831 1 0
3.762 -0.814 1 0
3.793 -0.795 1 0
3.825 -0.775 1 0
3.856 -0.755 1 0
3.888 -0.734 1 0
3.919 -0.713 1 0
3.95 -0.691 1 0
2.317 -0.679 1 0
2.348 -0.701 1 0
2.38 -0.724 1 0
2.411 -0.745 1 0
2.442 -0.765 1 0
2.474 -0.785 1 0
2.505 -0.804 1 0
2.537 -0.823 1 0
2.568 -0.84 1 0
2.6 -0.857 1 0
2.631 -0.872 1 0
2.662 -0.887 1 0
2.694 -0.901 1 0
2.725 -0.914 1 0
2.757 -0.927 1 0
2.788 -0.938 1 0
3.982 -0.667 1 0
4.013 -0.644 1 0
4.045 -0.619 1 0
4.076 -0.594 1 0
4.108 -0.568 1 0
4.139 -0.542 1 0
4.17 -0.516 1 0
4.202 -0.489 1 0
4.233 -0.461 1 0
4.265 -0.433 1 0
4.296 -0.404 1 0
4.327 -0.376 1 0
4.359 -0.346 1 0
4.39 -0.317 1 0
1.877 -0.301 1 0
1.908 -0.331 1 0
1.94 -0.361 1 0
1.971 -0.39 1 0
2.003 -0.419 1 0
2.034 -0.447 1 0
2.065 -0.474 1 0
2.097 -0.502 1 0
2.128 -0.529 1 0
2.16 -0.556 1 0
2.191 -0.581 1 0
2.223 -0.607 1 0
2.254 -0.631 1 0
2.285 -0.655 1 0
4.422 -0.286 1 0
4.453 -0.256 1 0
4.485 -0.225 1 0
4.516 -0.195 1 0
4.547 -0.165 1 0
4.579 -0.133 1 0
4.61 -0.102 1 0
4.642 -0.07 1 0
1.531 0.04 1 0
1.563 0.008 1 0
1.594 -0.023 1 0
1.626 -0.055 1 0
1.657 -0.086 1 0
1.688 -0.117 1 0
1.72 -0.149 1 0
1.751 -0.179 1 0
1.783 -0.211 1 0
1.814 -0.241 1 0
1.846 -0.272 1 0
