0.619565217 0.455284553 0.561340942 0 1
0.326086957 0.463414634 0.55064194 1 0
0.336956522 0.447154472 0.646932953 1 0
0.467391304 0.308943089 0.857346648 0 1
0.52173913 0.455284553 0.32596291 3 0
0.456521739 0.463414634 0.835948645 0 1
0.282608696 0.43902439 0.721825963 1 0
0.554347826 0.471544715 0.725392297 0 1
0.293478261 0.487804878 0.547075606 1 0
0.304347826 0.430894309 0.547075606 1 0
0.380434783 0.62601626 0.87874465 0 1
0.27173913 0.56097561 0.714693295 1 0
0.206521739 0.544715447 0.743223966 0 1
0.22826087 0.62601626 0.621968616 1 0
0.347826087 0.585365854 0.905135521 0 1
0.456521739 0.650406504 0.736091298 0 1
0.543478261 0.479674797 0.714693295 0 1
0.489130435 0.528455285 0.607703281 1 0
0.413043478 0.609756098 1.0 0 1
0.5 0.390243902 0.404422254 3 0
0.608695652 0.495934959 0.358059914 0 1
0.347826087 0.447154472 0.350927247 1 0
0.336956522 0.512195122 0.539942939 1 0
0.27173913 0.495934959 0.525677603 1 0
0.282608696 0.520325203 0.404422254 1 0
0.586956522 0.528455285 0.393723252 0 1
0.25 0.357723577 0.654065621 0 1
0.260869565 0.43902439 0.718259629 1 0
0.402173913 0.62601626 0.454350927 0 1
0.282608696 0.455284553 0.539942939 1 0
0.336956522 0.577235772 0.718259629 1 0
0.391304348 0.495934959 0.882310984 0 1
0.369565217 0.609756098 0.507845934 1 0
0.673913043 0.62601626 0.682596291 0 1
0.434782609 0.504065041 0.582738944 1 0
0.326086957 0.455284553 0.457917261 1 0
0.434782609 0.495934959 0.429386591 1 0
0.304347826 0.520325203 0.589871612 1 0
0.304347826 0.569105691 0.529243937 1 0
0.630434783 0.333333333 0.343794579 0 1
0.510869565 0.382113821 0.368758916 3 0
0.217391304 0.349593496 0.539942939 1 0
0.336956522 0.325203252 0.582738944 1 0
0.358695652 0.276422764 0.286733238 2 0
0.402173913 0.325203252 0.432952924 1 0
0.445652174 0.317073171 0.572039943 0 1
0.347826087 0.455284553 0.561340942 1 0
0.336956522 0.349593496 0.504279601 1 0
0.358695652 0.479674797 0.557774608 1 0
0.413043478 0.520325203 0.70042796 1 0
0.239130435 0.520325203 0.621968616 1 0
0.260869565 0.617886179 0.703994294 0 1
0.445652174 0.430894309 0.650499287 1 0
0.489130435 0.528455285 0.782453638 0 1
0.52173913 0.357723577 0.557774608 0 1
0.5 0.406504065 0.600570613 1 0
0.52173913 0.37398374 0.493580599 0 1
0.347826087 0.479674797 0.707560628 1 0
0.413043478 0.333333333 0.718259629 0 1
0.195652174 0.463414634 0.172610556 2 0
0.336956522 0.62601626 0.286733238 0 1
0.326086957 0.406504065 0.122681883 2 0
0.260869565 0.609756098 0.2510699 0 1
0.184782609 0.601626016 0.10128388 2 0
0.369565217 0.788617886 0.054921541 0 1
0.304347826 0.577235772 0.285306705 0 1
0.086956522 0.520325203 0.159771755 2 0
0.086956522 0.520325203 0.165477889 2 0
0.434782609 0.43902439 0.336661912 3 0
0.880434783 0.650406504 0.313837375 0 1
0.358695652 0.346341463 0.422253923 1 0
0.173913043 0.715447154 0.094151213 2 0
0.184782609 0.406504065 0.138373752 2 0
0.75 0.674796748 0.504279601 0 1
0.336956522 0.414634146 0.433666191 1 0
0.293478261 0.609756098 0.106990014 2 0
0.173913043 0.577235772 0.081312411 2 0
0.456521739 0.390243902 0.158345221 2 0
0.717391304 0.471544715 0.336661912 0 1
0.336956522 0.577235772 0.131954351 0 1
0.173913043 0.731707317 0.0 2 0
0.173913043 0.552845528 0.310984308 2 0
0.086956522 0.674796748 0.2510699 0 1
0.163043478 0.292682927 0.169044223 2 0
0.260869565 0.25203252 0.172610556 2 0
0.315217391 0.609756098 0.122681883 0 1
0.217391304 0.691056911 0.154778887 2 0
0.195652174 0.715447154 0.20256776 2 0
0.152173913 0.422764228 0.286733238 2 0
0.0 0.479674797 0.247503566 0 1
0.119565217 0.487804878 0.144079886 2 0
0.173913043 0.463414634 0.122681883 2 0
0.108695652 0.390243902 0.154778887 2 0
0.195652174 0.544715447 0.008559201 2 0
0.304347826 0.552845528 0.047788873 0 1
1.0 0.552845528 0.470042796 0 1
0.695652174 0.382113821 0.247503566 0 1
0.163043478 0.609756098 0.106990014 2 0
0.195652174 0.455284553 0.272467903 2 0
0.195652174 0.764227642 0.091298146 2 0
0.293478261 0.642276423 0.308131241 0 1
0.195652174 0.455284553 0.20256776 2 0
0.304347826 0.260162602 0.114122682 2 0
0.173913043 0.37398374 0.097717546 2 0
0.163043478 0.455284553 0.281027104 2 0
0.217391304 0.308943089 0.02639087 2 0
0.108695652 0.422764228 0.165477889 2 0
0.152173913 0.325203252 0.14978602 2 0
0.239130435 0.308943089 0.02425107 2 0
0.260869565 0.390243902 0.286733238 2 0
0.402173913 0.219512195 0.20256776 2 0
0.195652174 0.341463415 0.033523538 2 0
0.358695652 0.609756098 0.234664765 0 1
0.195652174 0.504065041 0.111269615 2 0
0.152173913 0.365853659 0.076319544 2 0
0.163043478 1.0 0.092011412 0 1
0.173913043 0.382113821 0.154778887 2 0
0.413043478 0.471544715 0.047788873 0 1
0.108695652 0.178861789 0.067047076 0 1
0.184782609 0.365853659 0.203994294 2 0
0.282608696 0.260162602 0.247503566 2 0
0.532608696 0.365853659 0.133380884 0 1
0.347826087 0.357723577 0.062054208 0 1
0.173913043 0.203252033 0.07275321 2 0
0.130434783 0.219512195 0.07275321 2 0
0.163043478 0.308943089 0.071326676 2 0
0.173913043 0.170731707 0.05278174 0 1
0.239130435 0.398373984 0.134094151 2 0
0.195652174 0.333333333 0.045649073 2 0
0.108695652 0.25203252 0.215406562 2 0
0.565217391 0.227642276 0.2510699 0 1
0.369565217 0.211382114 0.179743224 2 0
0.304347826 0.146341463 0.201141227 2 0
0.391304348 0.243902439 0.229671897 2 0
0.163043478 0.219512195 0.265335235 2 0
0.260869565 0.203252033 0.29743224 2 0
0.206521739 0.219512195 0.315263909 2 0
0.282608696 0.276422764 0.169044223 2 0
0.195652174 0.268292683 0.215406562 2 0
0.336956522 0.333333333 0.22253923 2 0
0.282608696 0.235772358 0.229671897 2 0
0.206521739 0.178861789 0.358059914 2 0
0.293478261 0.333333333 0.172610556 2 0
0.239130435 0.349593496 0.194008559 2 0
0.456521739 0.138211382 0.411554922 0 1
0.347826087 0.097560976 0.393723252 2 0
0.108695652 0.081300813 0.097717546 2 0
0.173913043 0.048780488 0.247503566 2 0
0.239130435 0.056910569 0.265335235 2 0
0.467391304 0.073170732 0.194008559 0 1
0.576086957 0.089430894 0.158345221 0 1
0.456521739 0.0 0.144079886 0 1
0.5 0.105691057 0.104850214 0 1
0.304347826 0.06504065 0.283166904 2 0
0.358695652 0.081300813 0.258202568 2 0
0.25 0.097560976 0.318830243 2 0
0.206521739 0.073170732 0.144079886 2 0
0.293478261 0.154471545 0.429386591 2 0
0.304347826 0.073170732 0.272467903 2 0
0.206521739 0.073170732 0.243937233 2 0
0.195652174 0.06504065 0.172610556 2 0
0.402173913 0.390243902 0.286733238 2 0
0.391304348 0.317073171 0.208273894 2 0
0.391304348 0.162601626 0.283166904 2 0
0.217391304 0.178861789 0.240370899 2 0
0.195652174 0.243902439 0.172610556 2 0
0.445652174 0.300813008 0.29743224 2 0
0.195652174 0.195121951 0.290299572 2 0
0.380434783 0.211382114 0.336661912 2 0
0.456521739 0.154471545 0.2510699 2 0
0.282608696 0.146341463 0.165477889 2 0
0.173913043 0.073170732 0.136947218 2 0
0.22826087 0.113821138 0.272467903 2 0
0.27173913 0.130081301 0.329529244 2 0
0.347826087 0.178861789 0.336661912 2 0
0.543478261 0.089430894 0.397289586 0 1
0.543478261 0.097560976 0.40085592 0 1
0.282608696 0.105691057 0.201141227 2 0
